0 FILE bom测试.io
0 Untitled Model
0 Name:  bom测试
0 Author:  
0 CustomBrick
0 NumOfBricks:  655
1 16 8.438869 -1.467230 112.381800 1.000000 0.000000 0.000000 0.000000 1.000000 0.000000 0.000000 0.000000 1.000000 submodel group 14
0 STEP
1 16 32.154700 -31.467330 261.954800 1.000000 0.000000 0.000000 0.000000 1.000000 0.000000 0.000000 0.000000 1.000000 submodel group 9
0 STEP
1 16 -131.814600 -31.467490 246.275600 1.000000 0.000000 0.000000 0.000000 1.000000 0.000000 0.000000 0.000000 1.000000 submodel group 22
0 STEP
1 16 -138.119500 -31.467340 175.611400 1.000000 0.000000 0.000000 0.000000 1.000000 0.000000 0.000000 0.000000 1.000000 submodel group 23
0 STEP
0 STEP
1 16 -36.402500 -21.467410 234.298900 1.000000 0.000000 0.000000 0.000000 1.000000 0.000000 0.000000 0.000000 1.000000 submodel group 11
0 STEP
0 STEP
1 16 769.249600 -331.547100 466.620700 1.000000 0.000000 0.000000 0.000000 1.000000 0.000000 0.000000 0.000000 1.000000 submodel group 12
0 STEP
1 115 -147.918000 -21.467370 7.750860 0.856892 0.000000 -0.515496 0.000000 1.000000 0.000000 0.515496 0.000000 0.856892 pi009.dat
1 115 267.751500 -21.467360 7.918840 0.515496 0.000000 0.856892 0.000000 1.000000 0.000000 -0.856892 0.000000 0.515500 pi009.dat
1 16 -47.464370 -21.467360 190.215600 0.856892 0.000000 -0.515496 0.000000 1.000000 0.000000 0.515500 0.000000 0.856892 submodel group 13
1 4 289.999800 -29.467380 -79.999270 1.000000 0.000000 0.000002 0.000000 1.000000 0.000000 0.000004 0.000000 1.000003 pi002.dat
0 STEP
1 16 -54.327260 45.722550 48.266340 1.000000 0.000000 0.000000 0.000000 1.000000 0.000000 0.000000 0.000000 1.000000 submodel group 7
0 STEP
1 16 167.182100 -23.467520 4.775880 1.000000 0.000000 0.000000 0.000000 1.000000 0.000000 0.000000 0.000000 1.000000 submodel group 8
0 STEP
0 STEP
0 STEP
1 47 -1580.620000 0.000000 422.124800 1.000000 0.000000 0.000000 0.000000 1.000000 0.000000 0.000000 0.000000 1.000000 pj005.dat
1 47 -1580.615000 0.000000 761.617900 1.000000 0.000000 0.000000 0.000000 1.000000 0.000000 0.000000 0.000000 1.000000 pj007.dat
1 47 -1847.000000 0.000000 592.000000 0.000000 0.000000 1.000000 0.000000 1.000000 0.000000 -1.000000 0.000000 0.000000 pj011.dat
1 47 -1314.246000 0.000000 591.748200 0.000000 0.000000 -1.000000 0.000000 1.000000 0.000000 1.000000 0.000000 0.000000 pj011.dat
1 47 -1580.620000 -36.500010 416.129800 1.000000 0.000000 0.000000 0.000000 1.000000 0.000000 0.000000 0.000000 1.000000 pj006.dat
0 STEP
1 16 25.182010 -326.573100 3.958370 1.000000 0.000000 0.000000 0.000000 1.000000 0.000000 0.000000 0.000000 1.000000 submodel group 6
0 STEP
1 16 -951.071400 0.000000 42.928580 1.000000 0.000000 0.000000 0.000000 1.000000 0.000000 0.000000 0.000000 1.000000 submodel group 2
1 16 -1107.000000 0.000000 51.000000 1.000000 0.000000 0.000000 0.000000 1.000000 0.000000 0.000000 0.000000 1.000000 submodel group 62
1 16 -968.660000 -0.130000 539.740100 1.000000 0.000000 0.000000 0.000000 1.000000 0.000000 0.000000 0.000000 1.000000 submodel group 49
1 16 -1574.000000 0.000000 554.000000 1.000000 0.000000 0.000000 0.000000 1.000000 0.000000 0.000000 0.000000 1.000000 submodel group 1
0 STEP
1 1100176 -960.452500 0.000510 -139.900000 1.000000 0.000000 0.000000 0.000000 1.000000 0.000000 0.000000 0.000000 1.000000 pklb001_1.dat
1 19 210.000000 -118.258700 190.000000 -0.960361 0.000000 0.278761 0.000000 1.000000 0.000000 -0.278761 0.000000 -0.960361 3710.dat
1 19 201.636900 -118.258700 218.811000 0.960359 0.000000 -0.278762 0.000000 1.000000 0.000000 0.278761 0.000000 0.960364 3020.dat
1 19 186.763800 -118.458700 162.429700 0.278761 0.000000 0.960359 0.000000 1.000000 0.000000 -0.960365 0.000000 0.278760 2420.dat
1 19 243.999100 -118.458500 179.044100 -0.960360 0.000000 0.278761 0.000000 1.000000 0.000000 -0.278758 0.000000 -0.960365 2420.dat
1 12 207.212100 -126.258800 199.603700 0.960359 0.000000 -0.278762 0.000000 1.000000 0.000000 0.278761 0.000000 0.960364 3031.dat
1 19 192.339000 -126.458700 143.222400 0.278762 0.000000 0.960359 0.000000 1.000000 0.000000 -0.960364 0.000000 0.278761 2420.dat
1 19 249.577300 -126.458500 159.834900 -0.960359 0.000000 0.278762 0.000000 1.000000 0.000000 -0.278761 0.000000 -0.960364 2420.dat
1 12 175.613700 -134.258700 200.844500 0.960359 0.000000 -0.278762 0.000000 1.000000 0.000000 0.278761 0.000000 0.960364 3024.dat
1 12 233.234900 -134.258700 217.570100 0.960359 0.000000 -0.278762 0.000000 1.000000 0.000000 0.278761 0.000000 0.960364 3024.dat
1 12 207.212200 -134.258700 199.603700 -0.278762 0.000000 -0.960359 0.000000 1.000000 0.000000 0.960364 0.000000 -0.278761 3020.dat
1 19 220.766400 -134.458600 151.472100 0.960359 0.000000 -0.278762 0.000000 1.000000 0.000000 0.278761 0.000000 0.960364 3710.dat
1 12 235.155800 -126.258800 218.128000 -0.278762 0.000000 -0.960358 0.000000 1.000000 0.000000 0.960364 0.000000 -0.278762 gds2201.dat
1 12 162.542300 -126.258800 238.701700 0.278762 0.000000 0.960358 0.000000 1.000000 0.000000 -0.960364 0.000000 0.278762 gds2201.dat
1 19 190.417900 -126.458700 142.665400 0.278761 0.000000 0.960359 0.000000 1.000000 0.000000 -0.960365 0.000000 0.278760 gds2201.dat
1 19 262.647900 -126.458500 121.978400 -0.278762 0.000001 -0.960358 0.000000 1.000000 0.000001 0.960364 0.000000 -0.278762 gds2201.dat
1 19 183.592800 -150.258700 171.920300 0.278762 0.000000 0.960359 0.000000 1.000000 0.000000 -0.960364 0.000000 0.278761 3700.dat
1 19 241.214300 -150.258700 188.646100 -0.278762 0.000000 -0.960359 0.000000 1.000000 0.000000 0.960364 0.000000 -0.278761 3700.dat
1 12 201.636900 -142.258800 218.811000 0.960359 0.000000 -0.278762 0.000000 1.000000 0.000000 0.278761 0.000000 0.960364 3020.dat
1 12 212.787400 -142.258800 180.396400 0.960359 0.000000 -0.278762 0.000000 1.000000 0.000000 0.278761 0.000000 0.960364 3022.dat
1 19 207.212200 -150.258800 199.603800 0.960359 0.000000 -0.278762 0.000000 1.000000 0.000000 0.278761 0.000000 0.960364 3068b.dat
1 12 189.245700 -150.258800 225.627000 0.278762 0.000000 0.960359 0.000000 1.000000 0.000000 -0.960364 0.000000 0.278761 15712.dat
1 12 208.452800 -150.258800 231.202200 0.278762 0.000000 0.960359 0.000000 1.000000 0.000000 -0.960364 0.000000 0.278761 15712.dat
1 12 215.575000 -150.258800 170.792700 0.960359 0.000000 -0.278762 0.000000 1.000000 0.000000 0.278761 0.000000 0.960364 3023.dat
1 70 230.447600 -166.258700 227.173900 -0.278762 0.000000 -0.960359 0.000000 1.000000 0.000000 0.960364 0.000000 -0.278761 4865a.dat
1 70 172.826100 -166.258700 210.448200 0.278762 0.000000 0.960359 0.000000 1.000000 0.000000 -0.960364 0.000000 0.278761 4865a.dat
1 19 186.380500 -158.258700 162.316600 0.960359 0.000000 -0.278762 0.000000 1.000000 0.000000 0.278761 0.000000 0.960364 2420.dat
1 19 244.002100 -158.258700 179.042300 -0.278762 0.000000 -0.960359 0.000000 1.000000 0.000000 0.960364 0.000000 -0.278761 2420.dat
1 19 220.766300 -158.458600 151.472100 0.960359 0.000000 -0.278762 0.000000 1.000000 0.000000 0.278761 0.000000 0.960364 11211.dat
1 19 242.761500 -166.071000 147.442500 -0.960359 0.000000 0.278762 0.000000 1.000000 0.000000 -0.278761 0.000000 -0.960364 gds90193.dat
1 19 215.191300 -166.258700 170.679500 0.960359 0.000000 -0.278762 0.000000 1.000000 0.000000 0.278761 0.000000 0.960364 3710.dat
1 19 238.426800 -166.258600 198.249700 0.960359 0.000000 -0.278762 0.000000 1.000000 0.000000 0.278761 0.000000 0.960364 3024.dat
1 19 180.805200 -166.258700 181.524000 0.960359 0.000000 -0.278762 0.000000 1.000000 0.000000 0.278761 0.000000 0.960364 3024.dat
1 19 192.338600 -182.458700 143.222900 0.960359 0.000000 -0.278761 0.000000 1.000000 0.000000 0.278760 0.000000 0.960365 60481d005.dat
1 19 249.577100 -182.458500 159.835000 0.960359 0.000000 -0.278761 0.000000 1.000000 0.000000 0.278760 0.000000 0.960365 60481d005.dat
1 19 245.347500 -174.258800 210.670100 0.278762 0.000000 0.960360 0.000000 1.000000 0.000000 -0.960365 0.000000 0.278761 gds90193.dat
1 19 179.755500 -174.258800 149.982600 -0.278763 0.000000 -0.960358 0.000000 1.000000 0.000000 0.960364 0.000000 -0.278762 gds90193.dat
1 19 217.978800 -174.258700 161.075900 0.960359 0.000000 -0.278762 0.000000 1.000000 0.000000 0.278761 0.000000 0.960364 87580.dat
1 19 180.996200 -182.258700 181.581300 -0.278762 0.000000 -0.960359 0.000000 1.000000 0.000000 0.960364 0.000000 -0.278761 25269.dat
1 19 189.168100 -174.458500 152.712900 -0.960359 0.000000 0.278761 0.000000 1.000000 0.000000 -0.278760 0.000000 -0.960365 11477.dat
1 19 246.789500 -174.458400 169.438600 -0.960359 0.000000 0.278761 0.000000 1.000000 0.000000 -0.278760 0.000000 -0.960365 11477.dat
1 19 238.531500 -182.258700 198.278700 -0.960359 0.000000 0.278762 0.000000 1.000000 0.000000 -0.278761 0.000000 -0.960364 25269.dat
1 73 228.014100 -148.458600 126.502700 0.000000 -0.278762 -0.960359 -1.000000 0.000000 0.000000 0.000000 0.960364 -0.278761 26603d002.dat
1 19 225.784000 -148.458600 134.185400 0.000000 -0.278762 -0.960359 -1.000000 0.000000 0.000000 0.000000 0.960364 -0.278761 3021.dat
1 82 217.979000 -188.258800 161.076000 0.960359 0.095342 -0.261950 0.000000 0.939693 0.342018 0.278761 -0.328463 0.902448 30031.dat
1 80 217.978800 -182.258700 161.075900 0.278762 0.000000 0.960359 0.000000 0.999999 0.000000 -0.960363 0.000000 0.278761 15712.dat
1 16 222.700700 -94.258760 174.943700 0.960359 -0.000001 -0.278762 0.000001 1.000000 0.000000 0.278761 0.000000 0.960364 submodel group
1 16 204.424500 -94.258780 209.207400 0.960358 -0.000001 -0.278762 0.000001 1.000000 0.000000 0.278761 0.000000 0.960364 submodel group 65
1 16 193.706200 -74.488780 210.261100 0.960358 -0.000001 -0.278762 0.000001 1.000000 0.000000 0.278761 0.000000 0.960364 submodel group 66
1 16 212.912900 -74.038780 215.836400 0.960358 -0.000001 -0.278762 0.000001 1.000000 0.000000 0.278761 0.000000 0.960364 submodel group 66
1 12 218.363000 -74.258820 161.189100 0.960359 0.000000 0.278762 0.000000 -1.000000 0.000000 0.278761 0.000000 -0.960364 44675.dat
1 12 226.725900 -90.258780 132.378300 0.960358 -0.000001 0.278763 -0.000001 -1.000000 0.000000 0.278762 0.000000 -0.960364 3069b.dat
1 16 180.455300 -72.509050 171.010900 0.960358 -0.000001 -0.278762 0.000001 1.000000 0.000000 0.278761 0.000000 0.960364 submodel group 67
1 16 245.119600 -72.509000 189.781900 -0.960359 0.000001 0.278762 0.000001 1.000000 -0.000001 -0.278761 -0.000001 -0.960364 submodel group 67
1 16 229.129300 -119.332900 123.888300 0.960358 -0.277338 -0.028173 -0.000002 0.101056 -0.994881 0.278764 0.955447 0.097050 submodel group 68
1 16 184.614300 -30.431200 162.323200 0.960358 -0.000001 -0.278762 0.000001 1.000000 0.000000 0.278761 0.000000 0.960364 submodel group 69
1 16 243.408700 -30.458760 189.806800 0.960360 -0.000001 -0.278763 0.000001 1.000000 0.000000 0.278762 0.000000 0.960364 submodel group 70
1 12 273.866100 -126.458500 198.124400 0.278762 -0.960359 0.000001 0.000000 0.000001 1.000000 -0.960364 -0.278761 0.000000 65617d011.dat
1 12 273.779300 -126.458500 198.097300 0.000000 -0.960361 0.278762 -1.000002 0.000000 0.000001 -0.000001 -0.278762 -0.960364 65617.dat
1 12 151.132600 -126.633700 162.499900 0.000001 0.960358 -0.278763 -1.000000 0.000001 0.000000 0.000000 0.278762 0.960364 65617d011.dat
1 12 151.322900 -126.458700 162.554900 -0.278762 0.960359 -0.000001 -0.000001 0.000001 1.000000 0.960364 0.278760 0.000000 65617.dat
1 16 185.504100 -147.224300 240.464500 0.960358 0.048406 -0.274527 0.000001 0.984808 0.173649 0.278761 -0.166767 0.945774 submodel group 71
1 16 179.270600 -59.365740 119.016300 0.960359 0.095343 -0.261951 -0.000001 0.939693 0.342018 0.278761 -0.328462 0.902448 submodel group 72
1 16 306.922900 -70.716780 153.475800 0.960359 0.117811 -0.252644 0.000000 0.906307 0.422620 0.278761 -0.405870 0.870385 submodel group 73
0 STEP
0 NOFILE
0 FILE SubModel Group 14
0 SubModel Group 14
0 Name:  SubModel Group 14
0 Author:  
0 CustomBrick
0 NumOfBricks:  79
1 330 271.560900 -12.000150 -22.381130 1.000000 0.000000 0.000000 0.000000 1.000000 0.000000 0.000000 0.000000 1.000000 pb0202c.dat
1 330 271.561000 -12.000150 -202.381100 -1.000000 0.000000 0.000000 0.000000 1.000000 0.000000 0.000000 0.000000 -1.000000 pb0202c.dat
1 330 231.560900 -20.000150 7.557880 1.000000 0.000000 0.000000 0.000000 1.000000 0.000000 0.000000 0.000000 1.000000 pc0202a.dat
1 330 191.560900 -20.000150 -32.442150 1.000000 0.000000 0.000000 0.000000 1.000000 0.000000 0.000000 0.000000 1.000000 pc0202a.dat
0 STEP
1 18 221.560900 -22.000980 337.621800 1.000000 0.000000 0.000000 0.000000 1.000000 0.000000 0.000000 0.000000 1.000000 pc0104a.dat
1 18 191.561000 -12.000170 -112.381100 1.000000 0.000000 0.000000 0.000000 1.000000 0.000000 0.000000 0.000000 1.000000 pc0404a.dat
1 18 271.560900 -12.000160 -32.381130 1.000000 0.000000 0.000000 0.000000 1.000000 0.000000 0.000000 0.000000 1.000000 pc0404a.dat
1 18 271.560900 -12.000160 47.618890 1.000000 0.000000 0.000000 0.000000 1.000000 0.000000 0.000000 0.000000 1.000000 pc0404a.dat
1 18 271.560900 -12.000160 127.618900 1.000000 0.000000 0.000000 0.000000 1.000000 0.000000 0.000000 0.000000 1.000000 pc0404a.dat
1 18 191.561000 -12.000150 127.618900 1.000000 0.000000 0.000000 0.000000 1.000000 0.000000 0.000000 0.000000 1.000000 pc0404a.dat
0 STEP
1 18 191.559600 -12.000330 27.618890 1.000000 0.000000 0.000000 0.000000 1.000000 0.000000 0.000000 0.000000 1.000000 pc0204a.dat
1 18 191.560800 -12.000170 -52.381840 1.000000 0.000000 0.000000 0.000000 1.000000 0.000000 0.000000 0.000000 1.000000 pc0204a.dat
1 18 241.561100 -12.000150 47.619200 0.000001 0.000000 0.999999 0.000000 1.000000 0.000000 -0.999999 0.000000 0.000001 pb0202c.dat
1 18 141.560700 -12.000150 87.618890 0.000000 0.000000 -1.000000 0.000000 1.000000 0.000000 1.000000 0.000000 0.000000 pb0202c.dat
1 18 151.560900 -12.000150 -82.381280 -1.000000 0.000000 0.000001 0.000000 1.000000 0.000000 -0.000001 0.000000 -1.000000 pb0202c.dat
1 18 231.560700 -12.000150 57.618890 1.000000 0.000000 -0.000001 0.000000 1.000000 0.000000 0.000001 0.000000 1.000000 pb0202c.dat
0 STEP
1 18 201.561100 -12.000290 -112.380600 0.000000 0.000000 1.000000 0.000000 1.000000 0.000000 -1.000000 0.000000 0.000000 pb0202c.dat
1 18 71.561130 -20.000300 -32.441640 1.000000 0.000000 0.000000 0.000000 1.000000 0.000000 0.000000 0.000000 1.000000 pc0202a.dat
1 18 31.561100 -12.000150 217.618900 1.000000 0.000000 0.000000 0.000000 1.000000 0.000000 0.000000 0.000000 1.000000 pb0202a.dat
1 18 71.561100 -12.000150 217.618900 1.000000 0.000000 0.000000 0.000000 1.000000 0.000000 0.000000 0.000000 1.000000 pb0202a.dat
1 18 111.561100 -12.000150 217.618900 1.000000 0.000000 0.000000 0.000000 1.000000 0.000000 0.000000 0.000000 1.000000 pb0202a.dat
1 18 71.561100 -20.000150 247.557900 1.000000 0.000000 0.000000 0.000000 1.000000 0.000000 0.000000 0.000000 1.000000 pc0202a.dat
0 STEP
1 18 31.561030 -12.000160 87.618890 1.000000 0.000000 0.000000 0.000000 1.000000 0.000000 0.000000 0.000000 1.000000 pc0404a.dat
1 18 31.560870 -12.000180 -52.381840 1.000000 0.000000 0.000000 0.000000 1.000000 0.000000 0.000000 0.000000 1.000000 pc0204a.dat
1 78 111.561000 -12.000170 -32.381150 1.000000 0.000000 0.000000 0.000000 1.000000 0.000000 0.000000 0.000000 1.000000 pc0404a.dat
1 18 111.561100 -12.000170 47.618890 1.000000 0.000000 0.000000 0.000000 1.000000 0.000000 0.000000 0.000000 1.000000 pc0404a.dat
1 18 31.561030 -12.000160 7.618890 1.000000 0.000000 0.000000 0.000000 1.000000 0.000000 0.000000 0.000000 1.000000 pc0404a.dat
1 18 111.561100 -12.000140 107.618900 -1.000000 0.000000 0.000000 0.000000 1.000000 0.000000 0.000000 0.000000 -1.000000 pc0204a.dat
1 18 71.561030 -12.000160 -112.381100 1.000000 0.000000 0.000000 0.000000 1.000000 0.000000 0.000000 0.000000 1.000000 pc0404a.dat
0 STEP
1 18 41.561000 -12.000160 -112.381000 0.000000 0.000000 1.000000 0.000000 1.000000 0.000000 -1.000000 0.000000 0.000000 pb0202c.dat
1 18 31.560940 -12.000150 -22.381130 1.000000 0.000000 -0.000001 0.000000 1.000000 0.000000 0.000001 0.000000 1.000000 pb0202c.dat
1 18 -8.439130 -12.000310 -132.381300 1.000000 0.000000 0.000000 0.000000 1.000000 0.000000 0.000000 0.000000 1.000000 pc0204a.dat
1 18 -68.438890 -12.000140 -112.381100 0.000000 0.000000 1.000000 0.000000 1.000000 0.000000 -1.000000 0.000000 0.000000 pc0204a.dat
1 18 -48.438960 -12.000150 57.618890 1.000000 0.000000 -0.000001 0.000000 1.000000 0.000000 0.000001 0.000000 1.000000 pb0202c.dat
1 18 -88.437640 -20.000150 87.557880 1.000000 0.000000 0.000000 0.000000 1.000000 0.000000 0.000000 0.000000 1.000000 pc0202a.dat
1 18 -48.438880 -12.000140 -52.381140 -1.000000 0.000000 0.000000 0.000000 1.000000 0.000000 0.000000 0.000000 -1.000000 pc0204a.dat
0 STEP
1 330 -138.439000 -12.000150 87.618770 -0.000001 0.000000 -1.000000 0.000000 1.000000 0.000000 1.000000 0.000000 -0.000001 pb0202c.dat
1 330 -88.438980 -20.000300 167.558600 1.000000 0.000000 0.000000 0.000000 1.000000 0.000000 0.000000 0.000000 1.000000 pc0202a.dat
1 330 -48.440100 -12.000300 27.619480 -1.000000 0.000000 0.000000 0.000000 1.000000 0.000000 0.000000 0.000000 -1.000000 pc0204a.dat
1 18 -48.438880 -12.000170 127.618900 1.000000 0.000000 0.000000 0.000000 1.000000 0.000000 0.000000 0.000000 1.000000 pc0404a.dat
0 STEP
1 18 -128.438900 -12.000140 -132.381100 -1.000000 0.000000 0.000000 0.000000 1.000000 0.000000 0.000000 0.000000 -1.000000 pc0204a.dat
1 18 -78.438880 -12.000150 -112.381100 0.000001 0.000000 1.000000 0.000000 1.000000 0.000000 -1.000000 0.000000 0.000001 pb0202c.dat
1 18 -88.438950 -11.980110 -22.381100 1.000000 0.000000 -0.000001 0.000000 1.000000 0.000000 0.000001 0.000000 1.000000 pb0202c.dat
1 18 -188.439000 -12.000140 -112.381100 0.000000 0.000000 1.000000 0.000000 1.000000 0.000000 -1.000000 0.000000 0.000000 pc0204a.dat
1 18 61.563950 -22.000980 17.618890 0.000000 0.000000 1.000000 0.000000 1.000000 0.000000 -1.000000 0.000000 0.000000 pc0104a.dat
1 18 61.562720 -22.001130 97.619590 0.000000 0.000000 1.000000 0.000000 1.000000 0.000000 -1.000000 0.000000 0.000000 pc0104a.dat
1 18 61.563940 -22.000980 177.619000 0.000000 0.000000 1.000000 0.000000 1.000000 0.000000 -1.000000 0.000000 0.000000 pc0104a.dat
0 STEP
1 330 -128.438900 -12.000140 -52.381140 1.000000 0.000000 0.000000 0.000000 1.000000 0.000000 0.000000 0.000000 1.000000 pb0202d.dat
1 330 -228.438900 -20.000150 47.557880 1.000000 0.000000 0.000000 0.000000 1.000000 0.000000 0.000000 0.000000 1.000000 pc0202a.dat
1 18 -188.438900 -12.000150 -82.381150 -1.000000 0.000000 0.000000 0.000000 1.000000 0.000000 0.000000 0.000000 -1.000000 pb0202c.dat
1 18 -148.438900 -12.000150 -82.381150 -1.000000 0.000000 0.000000 0.000000 1.000000 0.000000 0.000000 0.000000 -1.000000 pb0202c.dat
1 18 -148.452200 -12.000150 177.679900 1.000000 0.000000 0.000000 0.000000 1.000000 0.000000 0.000000 0.000000 1.000000 pb0202a.dat
1 18 -148.440300 -12.000310 47.619480 1.000000 0.000000 0.000000 0.000000 1.000000 0.000000 0.000000 0.000000 1.000000 pc0404a.dat
1 18 -148.438900 -12.000150 217.618900 1.000000 0.000000 0.000000 0.000000 1.000000 0.000000 0.000000 0.000000 1.000000 pb0202a.dat
1 18 -128.438900 -12.000140 127.618900 0.000000 0.000000 1.000000 0.000000 1.000000 0.000000 -1.000000 0.000000 0.000000 pc0204a.dat
0 STEP
1 18 -268.438900 -20.000150 -132.381100 1.000000 0.000000 0.000000 0.000000 1.000000 0.000000 0.000000 0.000000 1.000000 pd01la.dat
1 18 -228.438900 -20.000150 -132.381100 1.000000 0.000000 0.000000 0.000000 1.000000 0.000000 0.000000 0.000000 1.000000 pd01la.dat
1 18 -268.452200 -20.000150 -32.320120 1.000000 0.000000 0.000000 0.000000 1.000000 0.000000 0.000000 0.000000 1.000000 pd01la.dat
1 18 -268.452200 -20.000150 -12.320120 1.000000 0.000000 0.000000 0.000000 1.000000 0.000000 0.000000 0.000000 1.000000 pd01la.dat
1 18 -248.452300 -20.000150 -12.320120 1.000000 0.000000 0.000000 0.000000 1.000000 0.000000 0.000000 0.000000 1.000000 pd01la.dat
1 18 -268.438900 -20.000150 27.618890 1.000000 0.000000 0.000000 0.000000 1.000000 0.000000 0.000000 0.000000 1.000000 pd01la.dat
1 18 -248.438900 -20.000150 27.618890 1.000000 0.000000 0.000000 0.000000 1.000000 0.000000 0.000000 0.000000 1.000000 pd01la.dat
1 18 -88.438890 -20.000130 27.618810 1.000000 0.000000 0.000000 0.000000 1.000000 0.000000 0.000000 0.000000 1.000000 pd01la.dat
1 18 -68.438920 -20.000130 7.618830 1.000000 0.000000 0.000000 0.000000 1.000000 0.000000 0.000000 0.000000 1.000000 pd01la.dat
1 18 11.561100 -20.000130 27.618810 1.000000 0.000000 0.000000 0.000000 1.000000 0.000000 0.000000 0.000000 1.000000 pd01la.dat
1 18 -8.438890 -20.000130 7.618830 1.000000 0.000000 0.000000 0.000000 1.000000 0.000000 0.000000 0.000000 1.000000 pd01la.dat
1 18 -48.438920 -20.000130 7.618830 1.000000 0.000000 0.000000 0.000000 1.000000 0.000000 0.000000 0.000000 1.000000 pd01la.dat
1 18 -28.438900 -20.000130 7.618830 1.000000 0.000000 0.000000 0.000000 1.000000 0.000000 0.000000 0.000000 1.000000 pd01la.dat
1 78 191.560900 -20.000150 -252.381100 1.000000 0.000000 0.000000 0.000000 1.000000 0.000000 0.000000 0.000000 1.000000 pd01la.dat
0 STEP
1 70 -288.438900 -10.000150 -192.381100 1.000000 0.000000 0.000000 0.000000 1.000000 0.000000 0.000000 0.000000 1.000000 pd01la.dat
1 70 131.560900 -10.000150 47.618890 1.000000 0.000000 0.000000 0.000000 1.000000 0.000000 0.000000 0.000000 1.000000 pd01la.dat
1 70 -8.438930 -10.000150 47.618890 1.000000 0.000000 0.000000 0.000000 1.000000 0.000000 0.000000 0.000000 1.000000 pd01la.dat
1 70 -148.438900 -10.000150 47.618890 1.000000 0.000000 0.000000 0.000000 1.000000 0.000000 0.000000 0.000000 1.000000 pd01la.dat
1 70 -288.438900 -10.000150 -52.380980 1.000000 0.000000 0.000000 0.000000 1.000000 0.000000 0.000000 0.000000 1.000000 pd01la.dat
1 70 -288.438900 -10.000150 47.618890 1.000000 0.000000 0.000000 0.000000 1.000000 0.000000 0.000000 0.000000 1.000000 pd01la.dat
1 18 -98.438880 -19.980110 -102.381100 1.000000 0.000000 0.000000 0.000000 1.000000 0.000000 0.000000 0.000000 1.000000 pd02lb.dat
1 18 21.561020 -20.000150 -102.381100 1.000000 0.000000 0.000000 0.000000 1.000000 0.000000 0.000000 0.000000 1.000000 pd02lb.dat
1 18 -58.438980 -20.000050 -22.381430 1.000000 0.000000 0.000000 0.000000 1.000000 0.000000 0.000000 0.000000 1.000000 pd02lb.dat
1 330 -128.438900 -20.000140 -52.381140 1.000000 0.000000 0.000000 0.000000 1.000000 0.000000 0.000000 0.000000 1.000000 pd02lb.dat
0 STEP
0 STEP
0 NOFILE
0 FILE SubModel Group 9
0 SubModel Group 9
0 Name:  SubModel Group 9
0 Author:  
0 CustomBrick
0 NumOfBricks:  44
1 71 37.845370 -8.000050 8.045720 0.000000 -0.000001 0.999996 0.000000 0.999999 0.000001 -0.999996 0.000000 0.000000 30357.dat
1 71 17.845880 -8.000150 8.045840 -1.000000 -0.000001 0.000001 -0.000001 1.000000 0.000000 -0.000001 0.000000 -1.000000 30357.dat
1 484 27.845340 -16.000200 -1.953610 0.999996 -0.000001 0.000000 0.000002 0.999999 0.000000 0.000000 0.000000 0.999996 18646.dat
1 484 27.845360 -16.000030 8.045959 0.999996 -0.000001 0.000000 0.000002 0.999999 0.000000 0.000000 0.000000 0.999996 3666.dat
0 STEP
1 15 27.845310 -24.000190 -1.953410 1.000000 -0.000001 0.000000 0.000001 1.000000 0.000000 0.000000 0.000000 1.000000 18646.dat
1 15 27.845240 -24.000100 8.046260 1.000000 -0.000001 0.000000 0.000001 1.000000 0.000000 0.000000 0.000000 1.000000 3666.dat
0 STEP
1 16 -22.156160 -24.000410 8.046020 1.000000 0.000000 0.000000 0.000000 1.000000 0.000000 0.000000 0.000000 1.000000 submodel group 19
1 16 77.845430 -24.000030 8.045930 1.000000 0.000000 0.000000 0.000000 1.000000 0.000000 0.000000 0.000000 1.000000 submodel group 20
0 STEP
1 25 27.845440 -167.999900 -1.953600 1.000000 0.000000 0.000000 0.000000 1.000000 0.000000 0.000000 0.000000 1.000000 87926b001.dat
0 STEP
1 15 27.845410 -175.999900 -1.953800 0.999996 -0.000001 0.000000 0.000002 0.999999 0.000000 0.000000 0.000000 0.999996 18646.dat
1 15 27.845430 -176.000000 8.046080 0.999996 -0.000001 0.000000 0.000002 0.999999 0.000000 0.000000 0.000000 0.999996 3666.dat
0 STEP
1 71 27.845520 -183.999900 -1.953860 0.999995 -0.000001 0.000000 0.000002 0.999999 0.000000 0.000000 0.000000 0.999993 18646.dat
1 71 27.845540 -184.000100 8.045840 0.999995 -0.000001 0.000000 0.000002 0.999999 0.000000 0.000000 0.000000 0.999993 3666.dat
0 STEP
1 71 37.845350 -191.999900 8.046329 0.000001 -0.000001 0.999994 0.000000 1.000001 0.000001 -0.999993 0.000000 0.000001 30357.dat
1 71 17.845730 -192.000000 8.045840 -0.999995 -0.000001 0.000001 -0.000001 1.000001 0.000000 -0.000001 0.000000 -0.999993 30357.dat
0 STEP
1 484 27.845390 -199.999800 -1.954220 0.000000 -0.000002 0.999993 0.000000 1.000000 0.000003 -0.999993 0.000000 0.000000 79393.dat
1 484 27.845270 -199.999500 -1.954220 0.999993 -0.000002 -0.000001 0.000002 1.000000 0.000000 0.000001 0.000000 0.999993 79393.dat
1 484 -22.154980 -200.000000 8.045470 0.999991 -0.000001 0.000000 0.000002 0.999999 0.000000 0.000000 0.000000 0.999991 3070b.dat
1 484 77.845860 -199.999400 8.045589 0.999993 -0.000002 0.000000 0.000003 1.000000 0.000000 0.000000 0.000000 0.999993 3070b.dat
1 71 57.845180 -191.999900 8.046329 0.000000 -0.000001 -0.999994 0.000000 1.000000 -0.000001 0.999993 0.000000 0.000000 gds90254.dat
0 STEP
1 16 27.845640 -192.000000 -13.953950 1.000000 0.000000 0.000000 0.000000 1.000000 0.000000 0.000000 0.000000 1.000000 submodel group 17
0 STEP
1 16 94.300370 -196.840900 8.046289 0.855362 -0.518030 0.000000 0.518030 0.855362 0.000002 0.000000 -0.000002 1.000000 submodel group 18
0 STEP
1 16 -70.232330 -29.000520 2.245730 1.000000 0.000000 0.000000 0.000000 1.000000 0.000000 0.000000 0.000000 1.000000 submodel group 15
0 STEP
1 16 110.066800 -30.000000 8.037129 1.000000 0.000000 0.000000 0.000000 1.000000 0.000000 0.000000 0.000000 1.000000 submodel group 16
0 STEP
0 STEP
0 NOFILE
0 FILE SubModel Group 19
0 SubModel Group 19
0 Name:  SubModel Group 19
0 Author:  
0 CustomBrick
0 NumOfBricks:  2
1 25 0.000010 -143.999600 0.000060 0.999996 0.000000 0.000000 0.000001 0.999999 0.000000 0.000000 0.000000 0.999996 2453a.dat
1 25 -0.000010 -24.000010 -0.000060 0.000000 -0.000001 0.999996 0.000000 1.000000 0.000001 -0.999996 0.000000 0.000000 73230.dat
0 NOFILE
0 FILE SubModel Group 20
0 SubModel Group 20
0 Name:  SubModel Group 20
0 Author:  
0 CustomBrick
0 NumOfBricks:  4
1 25 -0.000380 -23.999980 -0.000210 -0.000001 -0.000001 -0.999996 0.000000 0.999999 -0.000001 0.999996 0.000000 -0.000001 4070.dat
1 25 -0.000470 -143.999600 0.000030 -0.000001 -0.000001 -0.999996 0.000000 0.999999 -0.000001 0.999996 0.000000 -0.000001 87087.dat
1 25 0.000430 -119.999700 -0.000090 0.999996 -0.000001 0.000000 0.000002 0.999999 0.000000 0.000000 0.000000 0.999996 3005.dat
1 25 0.000430 -95.999770 0.000270 0.999996 -0.000001 0.000000 0.000002 0.999999 0.000000 0.000000 0.000000 0.999996 14716.dat
0 NOFILE
0 FILE SubModel Group 17
0 SubModel Group 17
0 Name:  SubModel Group 17
0 Author:  
0 CustomBrick
0 NumOfBricks:  5
1 71 0.000100 -8.000020 11.999790 1.000000 -0.000001 0.000000 0.000001 1.000000 0.000000 0.000000 0.000000 1.000000 18674.dat
1 71 -0.000270 -32.000380 11.999760 1.000000 -0.000001 0.000000 0.000001 1.000000 0.000000 0.000000 0.000000 1.000000 3062b.dat
0 STEP
1 16 0.000050 -24.819970 10.000140 1.000000 0.000000 0.000000 0.000000 1.000000 0.000000 0.000000 0.000000 1.000000 submodel group 21
0 STEP
0 NOFILE
0 FILE SubModel Group 21
0 SubModel Group 21
0 Name:  SubModel Group 21
0 Author:  
0 CustomBrick
0 NumOfBricks:  3
1 71 -0.000330 -30.000010 -0.000260 -0.000001 0.000000 1.000000 1.000000 0.000000 0.000001 0.000000 1.000000 0.000000 32828.dat
1 71 -0.000330 -30.000310 -7.999780 -0.000001 0.000000 1.000000 1.000000 0.000000 0.000001 0.000000 1.000000 0.000000 6141.dat
1 4 -0.000330 -30.000320 -15.999780 0.000000 0.000000 -1.000000 -1.000000 0.000000 0.000000 0.000000 1.000000 0.000000 66857b010.dat
0 NOFILE
0 FILE SubModel Group 18
0 SubModel Group 18
0 Name:  SubModel Group 18
0 Author:  
0 CustomBrick
0 NumOfBricks:  2
1 15 -33.896780 -25.527480 0.000040 1.000000 0.000000 0.000000 0.000000 1.000000 0.000000 0.000000 0.000000 1.000000 71075a.dat
1 15 -33.896960 -55.526140 -0.000180 -0.000004 -0.000001 0.999995 -1.000001 0.000001 0.000002 0.000000 -1.000003 0.000001 25214.dat
0 NOFILE
0 FILE SubModel Group 15
0 SubModel Group 15
0 Name:  SubModel Group 15
0 Author:  
0 CustomBrick
0 NumOfBricks:  10
1 71 18.077280 -9.002640 5.799980 0.000000 -0.000001 0.999996 0.000000 1.000000 0.000001 -0.999996 0.000000 0.000000 59443.dat
1 71 38.076180 -8.999900 5.800220 0.999996 -0.000001 0.000000 0.000001 1.000000 0.000000 0.000000 0.000000 0.999996 32062.dat
1 71 -11.922410 -8.999960 5.800100 0.999996 -0.000001 0.000000 0.000001 1.000000 0.000000 0.000000 0.000000 0.999996 4519.dat
0 STEP
1 71 -22.051270 -29.000160 5.800100 0.999996 0.000000 0.000001 0.000001 0.000000 -1.000000 0.000000 0.999996 0.000000 32039.dat
1 71 -6.922460 -9.000000 5.799980 0.000000 -0.000001 0.999996 0.000000 1.000000 0.000001 -0.999996 0.000000 0.000000 32123a.dat
1 71 -37.052430 -9.000100 5.800100 0.000001 -0.000001 0.999996 0.000000 1.000000 0.000001 -0.999996 0.000000 0.000001 32123a.dat
0 STEP
1 71 -22.051230 -38.999950 5.800100 -0.000001 0.000000 0.999996 1.000000 0.000000 0.000001 0.000000 0.999996 0.000000 32062.dat
1 71 -22.051240 -68.999850 5.799610 0.000000 0.999996 0.000001 0.000000 0.000001 -1.000000 -0.999996 0.000000 0.000000 32034.dat
1 80 -22.051260 -69.000180 -12.200390 0.000000 -0.000001 0.999999 0.999998 0.000000 0.000001 0.000000 0.999998 0.000001 30663.dat
1 71 -22.051240 -69.000060 -4.199840 0.000001 -0.000001 0.999996 0.000000 1.000000 0.000001 -0.999996 0.000000 0.000001 89678.dat
0 STEP
0 NOFILE
0 FILE SubModel Group 16
0 SubModel Group 16
0 Name:  SubModel Group 16
0 Author:  
0 CustomBrick
0 NumOfBricks:  3
1 212 -8.171070 -123.999700 0.008830 0.000000 0.000001 -0.999996 0.000000 -0.999999 -0.000002 -0.999996 0.000000 0.000000 4599a.dat
1 212 -8.170870 -147.999900 0.009070 0.999996 0.000001 0.000000 0.000002 -0.999999 0.000000 0.000000 0.000000 -0.999996 11610.dat
1 71 4.341930 -84.921900 -0.017900 -0.000001 0.000000 0.999996 0.999999 0.000000 0.000002 0.000000 0.999996 0.000000 73590b.dat copy 2
0 NOFILE
0 FILE 73590b.dat Copy 2
0 Hose, Flexible 8.5L with (Same Color) Tabbed Ends
0 Name:  73590c02a
0 Author:  Steve Bliss [sbliss]
0 FlexibleBrick:  73590b.dat
1 16 -23.077970 0.027110 -12.603840 0.000000 -1.000000 0.000000 1.000000 0.000000 0.000000 0.000000 0.000000 1.000000 750.dat
1 16 76.921900 0.027040 -14.563870 0.000000 0.000000 1.000000 -1.000000 0.000000 0.000000 0.000000 -1.000000 0.000000 750.dat
1 16 -23.077970 0.027110 -12.603840 0.000000 1.000000 0.000000 -1.000000 0.000000 0.000000 0.000000 0.000000 1.000000 755.dat
1 16 76.921900 0.027040 -14.563870 0.000000 0.000000 1.000000 1.000000 0.000000 0.000000 0.000000 1.000000 0.000000 755.dat
1 16 -17.639670 -0.007550 -12.566240 0.086733 -0.993092 0.079023 0.000000 0.079322 0.996849 -0.996231 -0.086459 0.006880 754.dat
1 16 -14.670840 -0.284270 -12.245920 0.109328 -0.989614 0.093333 0.000000 0.093896 0.995582 -0.994006 -0.108845 0.010266 754.dat
1 16 -11.781190 -0.797940 -11.628950 0.213752 -0.961834 0.170839 0.000000 0.174881 0.984590 -0.976888 -0.210458 0.037381 754.dat
1 16 -9.013090 -1.520430 -10.727730 0.316370 -0.919673 0.232617 0.000000 0.245212 0.969469 -0.948636 -0.306711 0.077578 754.dat
1 16 -6.398870 -2.418340 -9.562150 0.415555 -0.866559 0.276386 0.000000 0.303865 0.952715 -0.909568 -0.395905 0.126273 754.dat
1 16 -3.959260 -3.455530 -8.157070 0.508490 -0.806629 0.301310 0.000000 0.349926 0.936777 -0.861068 -0.476342 0.177934 754.dat
1 16 -1.703150 -4.595330 -6.539920 0.592470 -0.744063 0.308788 0.000000 0.383305 0.923622 -0.805593 -0.547218 0.227097 754.dat
1 16 0.371550 -5.802490 -4.738430 0.665381 -0.682687 0.302005 0.000000 0.404558 0.914512 -0.746504 -0.608498 0.269185 754.dat
1 16 2.276280 -7.044340 -2.779080 0.726067 -0.625721 0.285132 0.000000 0.414662 0.909975 -0.687624 -0.660703 0.301072 754.dat
1 16 4.029920 -8.291530 -0.686120 0.774422 -0.575674 0.262430 0.000000 0.414798 0.909914 -0.632669 -0.704657 0.321229 754.dat
1 16 5.656790 -9.518109 1.518760 0.811202 -0.534357 0.237515 0.000000 0.406172 0.913797 -0.584766 -0.741274 0.329487 754.dat
1 16 7.184920 -10.701330 3.816280 0.837666 -0.502958 0.212954 0.000000 0.389894 0.920859 -0.546183 -0.771372 0.326601 754.dat
1 16 8.644549 -11.821240 6.188990 0.855198 -0.482152 0.190172 0.000000 0.366914 0.930255 -0.518301 -0.795552 0.313784 754.dat
1 16 11.483220 -13.802460 11.094540 0.868036 -0.473037 0.150828 0.000000 0.303781 0.952742 -0.496501 -0.827014 0.263693 754.dat
1 16 12.924010 -14.633700 13.594030 0.864735 -0.484306 0.132970 0.000000 0.264760 0.964314 -0.502229 -0.833876 0.228947 754.dat
1 16 14.418170 -15.341030 16.100180 0.855232 -0.505383 0.114741 0.000000 0.221403 0.975182 -0.518245 -0.834007 0.189351 754.dat
1 16 15.992310 -15.912860 18.591740 0.839297 -0.535360 0.094708 0.000000 0.174201 0.984710 -0.543673 -0.826464 0.146207 754.dat
1 16 17.669900 -16.339190 21.044440 0.816418 -0.573023 0.071452 0.000000 0.123736 0.992315 -0.577461 -0.810144 0.101020 754.dat
1 16 19.470360 -16.611900 23.430780 0.785869 -0.616844 0.043741 0.000000 0.070733 0.997495 -0.618393 -0.783900 0.055587 754.dat
1 16 21.408220 -16.725250 25.720180 0.746790 -0.664974 0.010714 0.000000 0.016109 0.999870 -0.665060 -0.746693 0.012030 754.dat
1 16 23.492300 -16.676470 27.879520 0.698272 -0.715287 -0.027940 0.000000 -0.039031 0.999238 -0.715833 -0.697739 -0.027254 754.dat
1 16 25.725020 -16.466200 29.874130 0.639466 -0.765459 -0.071808 0.000000 -0.093400 0.995629 -0.768820 -0.636670 -0.059726 754.dat
1 16 28.102020 -16.098940 31.669120 0.569722 -0.813081 -0.119650 0.000000 -0.145588 0.989345 -0.821837 -0.563652 -0.082945 754.dat
1 16 30.612240 -15.583310 33.231030 0.488754 -0.855821 -0.169379 0.000000 -0.194148 0.980972 -0.872421 -0.479454 -0.094891 756.dat
1 16 33.238300 -14.931910 34.529510 0.396828 -0.891586 -0.218180 0.000000 -0.237696 0.971340 -0.917893 -0.385455 -0.094324 754.dat
1 16 35.957450 -14.161090 35.538940 -0.294950 0.918668 -0.262781 0.000000 0.275016 0.961440 0.955513 0.283577 -0.081116 754.dat
1 16 38.742770 -13.290240 36.239740 -0.184971 0.935866 -0.299900 0.000000 0.305166 0.952299 0.982744 0.176148 -0.056447 754.dat
1 16 41.564700 -12.341000 36.619320 -0.069570 0.942547 -0.326749 0.000000 0.327542 0.944836 0.997577 0.065732 -0.022787 754.dat
1 16 44.392640 -11.336220 36.672440 0.047958 0.938651 -0.341517 0.000000 0.341911 0.939732 0.998849 -0.045068 0.016398 754.dat
1 16 47.196460 -10.298980 36.401060 0.164100 0.924635 -0.343688 0.000000 0.348412 0.937342 0.986444 -0.153817 0.057174 754.dat
1 16 49.947910 -9.251520 35.813730 0.275557 0.901375 -0.334053 0.000000 0.347507 0.937677 0.961285 -0.258384 0.095758 754.dat
1 16 52.621520 -8.214479 34.924600 0.379644 0.870043 -0.314477 0.000000 0.339927 0.940452 0.925133 -0.357037 0.129051 754.dat
1 16 55.195380 -7.206200 33.752210 0.474531 0.831973 -0.287475 0.000000 0.326588 0.945167 0.880239 -0.448510 0.154976 754.dat
1 16 57.651440 -6.242310 32.318260 0.559269 0.788550 -0.255748 0.000000 0.308507 0.951222 0.828986 -0.531989 0.172539 754.dat
1 16 59.975500 -5.335480 30.646300 0.633692 0.741101 -0.221818 0.000000 0.286741 0.958008 0.773585 -0.607082 0.181706 754.dat
1 16 62.157060 -4.495420 28.760670 0.698192 0.690841 -0.187796 0.000000 0.262318 0.964981 0.715911 -0.673742 0.183149 754.dat
1 16 64.188920 -3.728970 26.685580 0.753528 0.638813 -0.155287 0.000000 0.236208 0.971702 0.657416 -0.732205 0.177989 754.dat
1 16 66.066700 -3.040280 24.444430 0.800634 0.585886 -0.125393 0.000000 0.209283 0.977855 0.599154 -0.782904 0.167559 754.dat
1 16 67.788310 -2.431120 22.059230 0.840495 0.532739 -0.098778 0.000000 0.182309 0.983241 0.541820 -0.826409 0.153230 754.dat
1 16 69.353540 -1.901160 19.550340 0.874052 0.479889 -0.075757 0.000000 0.155934 0.987767 0.485832 -0.863361 0.136294 754.dat
1 16 70.763400 -1.448310 16.936280 0.902169 0.427683 -0.056381 0.000000 0.130697 0.991422 0.431383 -0.894430 0.117911 754.dat
1 16 72.019960 -1.069010 14.233680 0.925585 0.376366 -0.040515 0.000000 0.107030 0.994256 0.378541 -0.920268 0.099065 754.dat
1 16 73.125850 -0.758540 11.457330 0.944930 0.326082 -0.027906 0.000000 0.085268 0.996358 0.327274 -0.941488 0.080572 754.dat
1 16 74.084080 -0.511260 8.620299 0.960731 0.276882 -0.018221 0.000000 0.065667 0.997841 0.277481 -0.958657 0.063088 754.dat
1 16 74.897780 -0.320850 5.734110 0.973410 0.228801 -0.011089 0.000000 0.048408 0.998828 0.229069 -0.972269 0.047120 754.dat
1 16 75.570160 -0.180470 2.808870 0.983319 0.181786 -0.006114 0.000000 0.033615 0.999435 0.181889 -0.982763 0.033055 754.dat
1 16 76.104310 -0.082970 -0.146530 0.990731 0.135805 -0.002902 0.000000 0.021367 0.999772 0.135836 -0.990505 0.021169 754.dat
1 16 76.503180 -0.021000 -3.124190 0.995870 0.090786 -0.001062 0.000000 0.011702 0.999931 0.090792 -0.995801 0.011654 754.dat
1 16 76.769540 0.012940 -6.117100 0.998929 0.046276 -0.000213 0.000000 0.004600 0.999989 0.046277 -0.998918 0.004595 754.dat
1 16 76.905960 0.026340 -9.118930 0.999337 0.036413 -0.000064 0.000000 0.001753 0.999998 0.036413 -0.999335 0.001752 754.dat
0 NOFILE
0 FILE SubModel Group 22
0 SubModel Group 22
0 Name:  SubModel Group 22
0 Author:  
0 CustomBrick
0 NumOfBricks:  28
1 72 -28.197270 -32.000110 -16.214700 1.000001 0.000000 0.000000 0.000000 1.000000 0.000000 0.000000 0.000000 1.000002 3004.dat
1 72 -38.196340 -32.000150 23.785830 0.000000 0.000000 1.000001 0.000000 1.000000 0.000000 -1.000002 0.000000 0.000000 2357.dat
1 72 -18.198390 -8.000000 3.785790 0.000000 0.000000 -1.000000 0.000000 1.000000 0.000000 1.000000 0.000000 0.000000 11212.dat
0 STEP
1 72 -28.196390 -55.999860 23.785830 1.000001 0.000000 0.000000 0.000000 1.000000 0.000000 0.000000 0.000000 1.000002 3004.dat
1 72 -38.196350 -55.999890 -16.214480 1.000001 0.000000 0.000000 0.000000 1.000000 0.000000 0.000000 0.000000 1.000002 2357.dat
0 STEP
1 72 1.802360 -47.999800 -6.214200 0.000000 0.000000 -1.000001 0.000000 1.000000 0.000000 1.000002 0.000000 0.000000 22885.dat
1 72 1.802280 -47.999940 23.785830 0.000000 0.000000 -1.000001 0.000000 1.000000 0.000000 1.000002 0.000000 0.000000 32952.dat
0 STEP
1 72 -28.196410 -79.999980 3.785640 0.000000 0.000000 1.000001 0.000000 1.000000 0.000000 -1.000002 0.000000 0.000000 3002.dat
1 72 1.802370 -71.999900 3.785670 0.000000 0.000000 -1.000000 0.000000 1.000000 0.000000 1.000000 0.000000 0.000000 3622.dat
0 STEP
1 19 19.803490 -18.000000 -16.214190 0.000000 -1.000001 0.000000 1.000000 0.000000 0.000000 0.000000 0.000000 1.000002 3024.dat
1 19 19.802500 -47.999940 -16.214490 0.000000 -1.000001 0.000000 1.000000 0.000000 0.000000 0.000000 0.000000 1.000002 3794b.dat
1 72 19.802590 -37.999970 13.785750 0.000000 -1.000000 0.000000 1.000000 0.000000 0.000000 0.000000 0.000000 1.000000 26603.dat
0 STEP
1 212 27.803260 -18.000100 -16.214190 0.000000 -1.000001 0.000000 1.000000 0.000000 0.000000 0.000000 0.000000 1.000002 98138.dat
1 4 27.803380 -47.999860 -16.214490 0.000000 -1.000001 0.000000 1.000000 0.000000 0.000000 0.000000 0.000000 1.000002 98138.dat
1 72 11.802500 -79.999910 3.785670 0.000000 0.000000 1.000001 0.000000 1.000000 0.000000 -1.000002 0.000000 0.000000 3021.dat
0 STEP
1 71 21.802470 -87.999900 -16.214490 1.000001 0.000000 0.000000 0.000000 1.000000 0.000000 0.000000 0.000000 1.000002 25269.dat
1 71 21.802500 -87.999980 23.785820 0.000000 0.000000 -1.000001 0.000000 1.000000 0.000000 1.000002 0.000000 0.000000 25269.dat
1 71 -18.198390 -87.999980 3.785670 1.000001 0.000000 0.000000 0.000000 1.000000 0.000000 0.000000 0.000000 1.000002 11212.dat
